In[571]:= TableForm[M1R]
10.8571 -11.2582 -2.30775 5.43819 -5.60318 3.83211
-2.45007 -2.69991 -28.5138 6.25676 1.82488 8.52881
-0.935379 -1.78038 11.8559 -11.3897 -6.37962 6.20322
6.30008 -26.1444 -3.17433 1.27986 9.85719 -1.47971
11.8587 -13.1034 11.0711 -9.72842 -4.92618 3.66885
8.46691 3.67347 1.07616 10.5652 -2.82346 -4.02794


In[572]:= TableForm[M2R]
9.97807 -10.6079 -1.42418 4.86935 -5.43106 3.11874
-3.10783 -1.62768 -25.4216 6.5864 1.37179 7.77495
-1.73723 -1.66125 11.19 -10.8013 -5.97493 5.97067
5.61504 -26.2271 -2.41418 0.417915 9.16734 -1.24165
10.0367 -11.6242 9.37834 -7.73886 -3.81252 2.71616
7.73587 3.55844 0.986229 9.161 -2.72605 -3.79797


In[573]:= TableForm[M3R]
10.0001 -10.5324 -1.63724 3.97563 -5.42574 3.0083
-3.26945 -1.35974 -26.1144 6.32738 1.45062 5.71835
-0.14801 -2.80502 11.5598 -11.9982 -5.67795 4.82977
4.48344 -24.7143 -2.95679 -0.0843811 9.25594 -1.04481
10.6781 -12.463 10.065 -10.4731 -4.09389 2.82657
7.53896 3.03532 1.14062 9.96486 -3.0484 -2.90074


In[574]:= TableForm[M4R]
10.801 -12.6732 -3.00023 3.84224 -6.18437 4.72202
-4.24129 -2.52722 -31.5003 6.3556 2.02338 9.31879
-0.0235443 -2.03587 13.5596 -11.085 -6.51384 6.00394
5.07283 -28.1351 -3.8593 0.338882 9.5935 -0.713264
11.6236 -13.6736 11.7528 -9.02773 -4.61659 3.7298
7.44363 3.85387 1.52275 9.3161 -2.96384 -3.89544


In[575]:= TableForm[M5R]
12.3145 -12.3099 -2.15373 4.92877 -4.11142 4.03253
-3.90422 -2.57207 -30.7194 7.66344 1.84209 9.36262
-0.385117 -1.70883 13.4789 -12.8797 -5.06483 5.7644
5.98115 -28.5765 -3.60913 0.584145 8.29842 -0.73085
12.5645 -13.396 11.3929 -10.0847 -3.36403 3.18524
8.51244 3.59334 1.33136 10.1616 -2.48965 -3.99281


In[576]:= TableForm[M6R]
12.0239 -10.6555 -2.02002 4.37325 -5.12964 3.05394
-3.68794 -1.10862 -26.3197 6.08943 1.88911 7.61017
-0.60437 -1.67511 11.1714 -10.0361 -5.57269 5.95682
5.71709 -23.4445 -2.68427 0.537086 9.13597 -1.66807
13.6421 -13.0033 10.8889 -9.01382 -3.9043 2.86574
9.54369 3.23301 0.996155 9.6242 -2.84937 -4.25896


In[577]:= TableForm[M7R]
11.8496 -10.2036 -1.4379 4.02058 -5.25786 3.09796
-3.64562 -1.61711 -25.9274 5.42741 2.20748 7.60053
0.0690002 -2.46912 11.6805 -11.0115 -5.73877 6.44987
5.36973 -24.087 -2.36742 0.0734024 9.67313 -1.87564
13.594 -12.1116 11.4751 -9.24739 -3.94478 3.34326
8.7406 3.49764 0.524193 10.1233 -2.87391 -4.52142


In[578]:= TableForm[M8R]
12.8177 -11.4869 -2.48714 5.60645 -5.63408 5.34319
-4.19914 -1.74059 -28.9664 7.99133 1.7796 10.2101
-0.248276 -1.96991 12.9474 -12.8888 -6.18494 7.271
5.92286 -25.872 -3.69195 0.85257 9.83241 -1.41142
13.1124 -12.0591 10.7249 -9.66261 -4.01611 3.89317
8.85181 3.00023 0.873528 10.378 -2.60223 -4.04033


In[579]:= TableForm[M1L]
0.651642 -0.493759 20.9463 -21.4549 8.38078 -6.42543
-3.44189 -5.68544 12.334 11.7706 -1.29936 4.70119
2.62514 -2.33525 3.53088 -5.29787 20.3692 -17.9669
-4.82712 -1.20031 4.3205 -2.87071 12.359 9.88789
-1.52095 2.10306 11.8704 -13.6053 14.4779 -12.1371
2.89984 5.41298 6.36134 -16.8013 -15.2042 2.31269


In[580]:= TableForm[M2L]
0.916885 -0.802826 17.6816 -18.6483 8.01138 -6.57516
-3.68155 -5.35601 11.3965 11.1899 0.421005 4.34841
2.72151 -1.49629 3.36755 -5.22234 18.1645 -17.1501
-4.24489 -0.792923 3.89653 -2.72046 11.2854 10.1112
-0.595596 2.04694 11.0353 -13.2781 15.1654 -13.4561
2.68294 5.27423 5.49467 -15.1474 -15.4403 2.39247


In[581]:= TableForm[M3L]
1.05269 -0.930008 18.3969 -19.3519 7.6606 -5.77794
-2.90414 -4.86315 11.1381 10.4467 -0.896278 4.37852
2.14177 -1.6582 3.75475 -4.94531 18.5999 -16.9092
-4.39739 -1.4031 4.03123 -3.16339 11.485 8.63615
-1.3793 1.54659 11.0792 -12.6964 13.4441 -11.3791
3.39757 4.41805 5.19688 -15.3211 -14.1378 2.71239


In[582]:= TableForm[M4L]
0.565277 -0.153061 19.3523 -17.466 7.75587 -7.49854
-3.15495 -5.13965 10.3672 9.53255 -0.635422 3.60696
2.06323 -1.42001 3.93251 -4.14851 20.1186 -17.707
-4.67912 -1.00809 3.69898 -2.4359 11.5401 9.30011
-1.94351 2.47556 12.0991 -11.3696 15.2099 -13.5111
3.08912 4.94724 6.27588 -15.0296 -15.589 2.48678


In[583]:= TableForm[M5L]
0.310394 0.147781 22.085 -21.4326 7.2532 -7.29359
-3.33237 -6.1701 11.4985 12.3182 -0.536156 5.17876
1.95064 -1.34793 4.11873 -4.84297 18.8121 -19.1649
-4.68906 -1.3286 4.38905 -2.58759 12.6798 10.0704
-1.94093 3.31183 13.5516 -14.2976 13.9202 -14.0711
3.47963 6.12024 6.60128 -18.0776 -16.0645 2.67661


In[584]:= TableForm[M6L]
0.612061 -0.487152 20.5182 -20.2882 7.99455 -6.53011
-3.30183 -6.05653 11.7072 11.3918 -1.18472 4.95359
2.45651 -1.40401 3.59113 -5.12096 19.1986 -17.4437
-4.77077 -1.39735 4.27769 -2.77174 12.7301 9.57081
-1.69237 2.435 11.959 -13.4067 14.5241 -12.2381
3.14342 5.13202 6.34528 -16.6625 -15.4159 1.61201


In[585]:= TableForm[M7L]
1.02272 -0.926865 17.6031 -18.2216 7.29709 -6.23758
-3.16146 -4.96861 10.0814 10.0164 -1.02908 4.54348
2.37434 -1.55154 2.78357 -3.93985 18.3247 -16.7091
-4.32671 -1.09282 3.64196 -2.64787 11.8904 8.87144
-1.60957 2.03107 11.2262 -13.0529 14.9397 -13.1834
3.63472 4.88049 6.23257 -16.1586 -16.9077 3.20767


In[586]:= TableForm[M8L]
0.599991 -0.484909 18.8863 -20.5314 6.33263 -7.23985
-3.41854 -4.68436 9.95233 12.2213 -0.273697 3.87852
0.822418 -1.15854 3.6264 -4.67529 17.2831 -17.7485
-4.03618 -1.28675 3.32568 -2.25638 11.8093 8.84874
-2.67882 2.59601 11.8018 -14.0217 13.2192 -14.0408
4.2017 4.47359 6.50874 -18.5749 -15.6385 3.32998

