M0R
0.969299 -0.0632935 19.927 -19.9728 12.6235 -10.8782 
-5.19318 -6.18695 12.712 10.3725 0.763275 4.51962 
4.99088 -5.75998 4.10226 -4.05441 21.6109 -19.656 
-2.75327 0.922119 -1.44875 -4.32683 11.5809 11.5849 
-1.26831 1.07358 10.7363 -9.79227 20.2193 -17.2848 
1.3614 8.6834 8.24673 -15.8529 -17.9481 1.35716 
M0L
11.9379 -12.1916 -5.20438 7.92001 -4.08875 4.09885 
-6.52892 -2.09779 -26.3754 7.58684 4.16016 10.3044 
0.0584106 -3.35422 7.81641 -7.74414 -8.56192 8.34262 
3.6295 -28.2645 0.637863 3.97427 12.2399 -7.02344 
13.8541 -14.9109 6.92548 -6.57431 -3.93204 3.69693 
9.5542 5.41946 -0.347122 7.93297 -1.49969 -4.47215 
M1R
0.789856 -0.635864 18.8917 -18.0488 12.0576 -10.3217 
-5.4872 -5.61591 11.7188 9.7224 0.676437 4.79605 
5.87512 -6.41507 4.19199 -4.15732 22.3824 -21.3462 
-3.07071 1.49031 -1.38379 -4.29341 12.774 12.9981 
-0.541595 0.575714 9.85458 -10.5966 17.8792 -16.1824 
0.846054 8.10112 7.77551 -14.4811 -15.7518 0.70874 
M1L
10.2295 -11.8484 -5.39987 7.78229 -3.9805 3.96732 
-6.23914 -2.89867 -27.0455 8.18236 4.01245 9.15265 
-0.443451 -1.92447 9.62665 -8.54117 -9.30063 8.94147 
4.36676 -30.9088 -0.277832 4.6091 13.2752 -8.01106 
13.0609 -14.4459 7.48532 -6.66656 -3.9744 3.84534 
9.26653 5.04614 -0.392593 7.34845 -1.39331 -3.85872 
M2R
0.753082 -0.939575 18.8802 -18.7325 12.5615 -10.9102 
-5.00717 -5.99316 12.0843 10.3129 0.702957 4.32161 
5.18027 -6.4306 4.21878 -3.76288 23.8135 -21.1794 
-2.91203 1.50862 -1.67505 -4.76237 12.7173 11.7535 
-0.671448 1.14127 10.7666 -10.6773 19.6657 -16.8164 
0.964569 8.31885 7.61896 -15.7526 -17.9451 0.95433 
M2L
10.0668 -12.041 -4.91861 6.99234 -4.28812 3.9913 
-5.95575 -2.11317 -26.2713 6.87704 4.00848 10.0235 
-0.364349 -4.22925 8.27408 -8.70004 -9.18484 9.01553 
4.36897 -30.5163 0.968842 3.77942 12.6255 -7.75952 
14.2681 -15.8051 8.22177 -6.98657 -3.71121 4.58563 
8.51062 6.42393 -0.600281 8.67491 -1.6436 -4.91727 
M3R
-0.139587 0.590302 21.2988 -19.6073 11.1797 -12.576 
-4.53696 -6.33885 11.4814 9.89783 1.42862 4.71129 
5.55017 -6.05585 4.78064 -4.77435 23.4029 -22.2052 
-2.50426 1.0584 -2.6815 -4.32632 13.7231 13.0806 
-1.55136 1.92133 12.0666 -11.6207 18.3932 -17.8813 
-0.221497 9.51562 9.39961 -15.5145 -17.9317 0.072403 
M3L
13.0573 -12.2558 -4.02591 6.46661 -4.36188 3.84668 
-7.32549 -2.36694 -26.3064 8.33803 4.3929 9.8849 
0.11673 -3.54526 8.62466 -8.14243 -9.70605 9.13708 
3.01416 -30.9089 0.885056 4.61484 13.6571 -7.88568 
15.5172 -15.5286 7.68411 -7.82257 -4.89426 3.96304 
11.5181 5.5256 0.152008 7.29301 -1.81981 -4.16573 
M4R
-0.430176 0.298767 19.8907 -17.9996 10.2285 -11.3825 
-4.66678 -5.75793 11.1491 9.62993 2.01314 5.38016 
5.23285 -5.93411 4.41739 -4.78345 21.8803 -21.611 
-2.46906 1.01224 -1.77559 -3.72845 13.1032 12.8714 
-1.34109 1.91907 11.7939 -11.6079 17.4573 -17.7265 
0.227539 9.5759 9.37206 -14.8669 -17.7727 0.0093689 
M4L
12.1133 -11.1604 -4.72476 6.13849 -4.14673 3.72205 
-6.62457 -3.00441 -27.4352 8.04967 4.3643 10.0107 
0.207062 -2.8331 9.65509 -8.43036 -9.33624 8.64297 
3.60713 -29.724 -0.578766 4.54442 13.6528 -7.4455 
15.0895 -14.9288 8.55933 -8.04245 -4.45349 4.00089 
10.9658 6.2402 0.0577393 7.40665 -1.54564 -3.99979 
M5R
-0.308228 0.17868 21.0279 -18.7182 11.0826 -11.0703 
-5.27988 -6.22975 11.5029 9.77316 1.33748 4.78188 
4.99368 -6.18652 4.29779 -4.44058 22.2282 -20.731 
-3.39099 0.730209 -2.49446 -4.48729 12.4094 13.124 
-1.27838 1.61533 11.5618 -11.0165 17.3394 -16.4685 
0.233627 9.10168 8.92058 -14.6034 -16.7879 0.412201 
M5L
12.6821 -12.0875 -4.97412 6.5018 -4.37137 4.05429 
-6.81644 -3.33418 -27.9145 8.06018 4.0896 9.7999 
0.326752 -3.22876 9.17502 -8.0549 -9.03632 8.53946 
2.56633 -30.7227 -0.566772 4.3952 13.1983 -8.20602 
15.0802 -14.554 7.862 -7.17386 -3.95166 3.99414 
10.7196 5.54837 0.0354156 6.8054 -1.61351 -4.00174 
M6R
0.191376 0.302673 19.8676 -17.9394 11.2121 -10.9386 
-5.20491 -5.98235 12.1865 8.78357 1.39183 4.33714 
5.82025 -6.29572 4.55829 -4.21161 22.5737 -21.3062 
-3.22734 1.22592 -1.73462 -4.16309 12.6437 12.4225 
-1.14734 1.24319 11.1707 -10.968 18.1254 -16.9733 
0.149246 9.00375 8.61201 -14.9716 -16.8977 0.66124 
M6L
10.7787 -12.0938 -4.54214 6.36221 -3.99411 3.79758 
-5.75583 -3.0508 -27.0265 8.01328 3.6248 9.41112 
-0.509521 -3.45972 9.40134 -8.08057 -9.08847 9.24442 
3.82848 -31.2231 -0.213303 3.92456 12.903 -8.13496 
13.7165 -16.4461 8.08603 -7.19427 -4.11624 4.04413 
9.75858 6.18129 -0.261429 7.24294 -1.42429 -4.16635 
M7R
0.955078 -0.772125 19.106 -18.2368 12.4544 -10.3921 
-5.39253 -5.6429 12.2292 9.85231 1.06229 4.51508 
4.97241 -6.29736 3.78064 -3.26813 23.7466 -21.7886 
-3.15916 1.77966 -1.53949 -4.48936 12.6017 12.1389 
-0.790985 1.10394 9.7937 -10.0464 18.2316 -15.9345 
1.55162 7.86797 6.86189 -14.1244 -16.7077 2.36282 
M7L
9.56281 -11.9997 -4.83356 7.55948 -4.11703 3.9389 
-5.31645 -2.8221 -25.9785 7.40704 4.04269 9.88399 
-0.353333 -3.39075 8.30115 -9.18253 -8.79041 9.45322 
4.4624 -30.738 0.742157 4.19965 12.4173 -7.5845 
12.126 -14.6081 6.91122 -6.35104 -3.68381 4.08383 
6.70523 7.00174 -0.690079 9.26204 -1.12592 -4.36038 
M8R
1.30554 -0.842682 19.5703 -19.0669 12.8669 -10.72 
-5.52216 -5.94485 12.3269 10.5695 1.11018 4.61208 
4.58987 -6.16827 3.70129 -3.29684 23.1356 -20.835 
-2.80937 1.58507 -1.09885 -4.58844 11.8631 11.6006 
-0.796143 0.46048 10.0837 -9.96533 20.0573 -16.4513 
1.59256 8.19019 7.90729 -15.883 -16.5838 1.11797 
M8L
10.4531 -11.7052 -4.39096 7.49936 -4.18405 4.54166 
-5.74861 -2.2831 -27.284 7.62715 4.13922 9.90674 
0.302338 -4.04462 8.5112 -9.79825 -9.21429 9.20197 
4.07951 -28.7578 0.387848 3.82724 12.5162 -7.42596 
13.2653 -15.9629 7.31171 -7.39282 -3.72635 4.68152 
8.20885 5.87271 -0.295334 8.97075 -1.57491 -4.45576 
M9R
1.00793 -0.912201 16.9953 -15.7961 11.5546 -10.2513 
-4.89688 -5.13736 11.4207 8.30194 1.47133 4.00047 
4.26016 -5.97327 3.6409 -2.80713 22.8179 -20.3872 
-2.77153 1.45964 -1.5869 -4.3205 11.4247 12.1344 
-1.09778 0.486023 10.1609 -8.8685 19.9475 -17.4698 
1.82549 8.27577 7.51559 -14.6098 -17.509 1.27179 
M9L
9.61133 -10.9493 -4.56149 7.35556 -3.75238 4.2558 
-5.47224 -2.79797 -25.8033 6.67729 3.26733 9.18085 
0.227875 -3.83612 8.43591 -8.8941 -8.50504 9.31006 
3.84087 -29.3766 0.857224 3.69127 12.3033 -7.57378 
13.4524 -16.0626 7.88385 -7.599 -3.767 4.64566 
8.29433 6.53801 -0.375488 9.37091 -1.66214 -4.75507 
M10R
-0.164215 0.509338 19.5719 -18.4439 11.8877 -11.1476 
-4.64894 -6.14349 10.4117 9.84727 1.147 4.02707 
4.24762 -6.47391 4.39673 -3.29187 24.1437 -22.5038 
-2.89549 0.932465 -2.53876 -4.95451 13.0816 12.0764 
-1.92969 3.11148 12.1917 -11.1126 19.4926 -18.0803 
0.895523 9.87898 8.71758 -16.7686 -19.3227 1.53642 
M10L
12.4112 -11.7018 -4.65924 6.66428 -3.96307 4.19446 
-6.67992 -2.6032 -26.1989 7.43016 3.74986 9.52338 
0.569977 -4.01126 8.54865 -10.0377 -9.51123 9.68222 
3.31047 -31.5242 0.606018 3.84843 13.0319 -7.85858 
16.6276 -15.9668 8.53818 -8.55563 -4.48694 4.4313 
10.3302 7.24139 0.107422 9.33528 -1.38406 -5.01546 
M11R
1.08139 -0.352905 19.5719 -16.093 12.5952 -10.4966 
-5.23921 -5.50189 11.7846 9.15627 0.717545 4.64061 
5.16943 -6.03296 4.34537 -3.05032 24.1446 -20.6191 
-2.90747 1.63568 -1.5862 -3.98923 12.6277 11.5647 
-1.17908 1.13681 10.6922 -9.23233 19.6541 -16.4847 
1.24353 8.51598 7.95999 -13.9999 -17.8777 1.11031 
M11L
10.4059 -11.4892 -5.28235 7.32907 -3.66937 4.40182 
-5.9205 -1.71404 -27.7321 7.15018 3.83926 9.50491 
0.039978 -3.63809 8.71826 -8.76361 -8.83014 9.02213 
4.19615 -29.3948 1.1288 3.63213 12.7483 -7.56474 
13.7665 -15.7235 7.68893 -7.39859 -3.88837 4.19135 
8.44777 6.28163 -0.223145 9.04492 -1.65282 -4.41693 
M12R
0.255707 0.291931 19.3331 -17.4076 11.4446 -10.7904 
-4.854 -5.6465 11.3261 9.60165 1.25095 4.91327 
6.04077 -6.26611 4.22348 -4.11887 23.3653 -21.7913 
-3.19307 0.911041 -1.71033 -4.19473 13.4712 12.8259 
-0.621643 2.23209 11.5403 -9.94266 18.3084 -16.3151 
0.763199 9.02635 8.69809 -14.5968 -17.0908 0.725937 
M12L
11.7041 -11.2265 -4.82086 6.73093 -3.78296 3.99149 
-5.77063 -2.46117 -25.2902 7.9053 3.96484 9.46413 
-0.410614 -3.58606 8.94998 -9.28198 -9.9248 8.94455 
2.76611 -31.2796 0.272079 4.06734 13.5775 -7.10213 
14.5057 -15.3581 7.58179 -7.18042 -3.49576 3.9769 
10.4671 6.29552 0.00602722 8.59322 -1.15443 -4.07851 
M13R
0.306793 0.18869 16.9016 -20.2148 10.6612 -10.0575 
-4.56951 -6.32163 10.4773 9.96745 0.788002 6.62265 
5.59155 -5.90195 2.71658 -4.1853 22.2738 -21.2844 
-3.31213 1.2884 -0.95816 -4.59567 11.8239 13.4903 
-1.00726 1.23274 8.88292 -11.9484 17.6376 -16.5052 
-0.10244 9.11945 7.94816 -16.5299 -17.212 0.256004 
M13L
12.236 -11.5514 -3.85529 6.74667 -4.33914 2.88734 
-7.43472 -1.52636 -26.6495 8.63348 4.11772 8.76666 
0.590591 -3.23064 9.82129 -9.1373 -8.617 9.23474 
3.26759 -28.3897 -0.109688 4.63595 12.1248 -8.37897 
14.673 -15.0643 8.82364 -7.87448 -3.97751 3.4897 
11.2048 4.7518 -0.12326 7.66867 -1.66331 -4.50772 
M14R
-0.229965 0.692688 20.9116 -20.38 11.2632 -12.1248 
-4.98186 -6.29373 12.7252 10.5408 1.87829 4.90633 
4.49429 -5.62695 4.18199 -3.27876 23.1776 -22.1349 
-2.28168 0.96711 -1.66912 -4.23879 12.91 12.3895 
-2.45963 1.94084 11.8661 -11.4512 18.8222 -18.2501 
0.359634 9.33445 9.01099 -17.0249 -19.0766 0.917648 
M14L
12.6259 -12.4385 -3.89964 6.34323 -4.54898 4.17416 
-6.29309 -3.3008 -29.1751 8.76376 4.13992 10.2763 
0.971756 -3.47507 9.54968 -10.2775 -8.89859 9.62582 
3.47224 -30.0364 0.389343 4.85184 12.6793 -7.60334 
15.7731 -16.5016 8.88795 -9.13539 -4.38994 4.53386 
9.72963 6.87589 0.161232 8.51351 -1.96097 -4.97578 
M15R
1.03226 -0.324036 19.531 -17.975 11.9496 -11.0327 
-5.03804 -6.15318 11.9059 9.47874 1.09523 4.24022 
4.65448 -6.42557 4.31534 -3.0896 24.5698 -22.1323 
-3.02377 1.32729 -1.60732 -4.65616 12.4646 12.5667 
-1.26831 1.07358 10.7363 -9.79227 20.2193 -17.2848 
1.3614 8.6834 8.24673 -15.8529 -17.9481 1.35716 
M15L
11.5861 -11.9834 -4.93985 7.15378 -3.9744 4.16309 
-6.34993 -2.68311 -27.259 7.81271 4.0233 9.90619 
0.386414 -4.05603 9.41241 -9.67358 -9.06033 10.0793 
4.22664 -30.8409 0.357513 3.67216 13.0071 -7.85233 
14.8395 -16.7932 7.88254 -8.15268 -3.81961 4.62305 
9.6521 6.20242 -0.121078 9.40181 -1.72618 -4.83167
